structure(c(110, 113, 113, 212, 115, 818, 133, 1110), .Dim = c(2L, 
4L), .Dimnames = list(c("m", "n"), NULL))
